$ANSIBLE_VAULT;1.1;AES256
34366464343664353162303635303239393162613537613030346539613630386661626632396539
6138346435306439303166333164363434393737626262660a343230303334663736643833396232
35343936393763326362353463626335333333393337663664353165353665366636393735623761
3037626265656333310a313564646338356564633139383335316135353136636635366265333836
31343161373633653961346538303831373162626637636330633566643631613162313038333466
38376531623764613830326464303731373963393435346563653638326361653936613137613139
39646330643637303663666531643934303761613364663835383933346336636136396431386438
63643765666166633231656561373037653364633338363630303565353139333162316263303633
66333362363139633062333662336461306234616130656538323734626636613961643435306336
66663332353332386434616536333238626336323639633236306434363839323939643637313935
62353934363039643036626233306236356430666532383264343462376331646231363630316338
30346133626437373466383261623662623263363161346535353333646163353332303661303035
36333631363333643732613665366161356562353539353933663534633731316639656339303633
37623764653437633438343234613264633032656537646130376330356532663466663465343033
36303935346330353662343235636634353531363736663837633036313436656334383132643763
38323138663137336561623039306435383164383736383264623439396334363830653333653836
30383330616661366230636465343934373431373764323234303336393231663537623730323632
32313430633433613439373338323939363031376434633934653463636330656130373139643462
39353839343062356530363565663464313238363462303961323434393031356135383163346464
34343862626165383966646434346364616165333339393035653833643361363962343337663439
65333930336166646566666365376534636635383437353232326339666434343832656631316533
63326539643934393230346231653130333031653166353232326236353331373863613966343261
34633366336666303739323934356630633430343563363337663030383065653963346661363433
31633233636632643862383761306539366332653035613637366461353435393133336432666238
6138
